{
 "cells": [
  {
   "cell_type": "code",
   "execution_count": 1,
   "metadata": {},
   "outputs": [
    {
     "name": "stdout",
     "output_type": "stream",
     "text": [
      "  Time Period  Subscribers\n",
      "0  01/04/2013     34240000\n",
      "1  01/07/2013     35640000\n",
      "2  01/10/2013     38010000\n",
      "3  01/01/2014     41430000\n",
      "4  01/04/2014     46130000\n"
     ]
    }
   ],
   "source": [
    "import pandas as pd    \n",
    "import numpy as np \n",
    "import matplotlib.pyplot as plt \n",
    "import plotly.graph_objs as go \n",
    "import plotly.express as px \n",
    "import plotly.io as pio\n",
    "pio.templates.default = \"plotly_white\"\n",
    "from statsmodels.tsa.arima.model import ARIMA\n",
    "from statsmodels.graphics.tsaplots import plot_acf, plot_pacf\n",
    "\n",
    "data = pd.read_csv('Netflix-Subscriptions.csv')\n",
    "print(data.head())"
   ]
  },
  {
   "cell_type": "code",
   "execution_count": 3,
   "metadata": {},
   "outputs": [
    {
     "name": "stdout",
     "output_type": "stream",
     "text": [
      "  Time Period  Subscribers\n",
      "0  2013-04-01     34240000\n",
      "1  2013-07-01     35640000\n",
      "2  2013-10-01     38010000\n",
      "3  2014-01-01     41430000\n",
      "4  2014-04-01     46130000\n"
     ]
    }
   ],
   "source": [
    "data['Time Period'] = pd.to_datetime(data['Time Period'],\n",
    "                                     format='%d/%m/%Y')\n",
    "\n",
    "print(data.head())"
   ]
  }
 ],
 "metadata": {
  "kernelspec": {
   "display_name": "base",
   "language": "python",
   "name": "python3"
  },
  "language_info": {
   "codemirror_mode": {
    "name": "ipython",
    "version": 3
   },
   "file_extension": ".py",
   "mimetype": "text/x-python",
   "name": "python",
   "nbconvert_exporter": "python",
   "pygments_lexer": "ipython3",
   "version": "3.11.5"
  }
 },
 "nbformat": 4,
 "nbformat_minor": 2
}
